0,472
0,243
28,3
0,475
0,474
0,473
24,3
0,471
25,2
25,3
0,267
0,266
0,260
0,257
0,256
0,255
0,254
0,249
0,248
0,246
0,245
0,244
0,238
0,237
0,236
0,235
0,234
0,233
0,232
0,231
0,230
0,229
0,228
0,227
0,226
0,225
0,224
0,223
0,221
0,214
0,210
0,202
0,198
0,197
0,193
0,46
0,45
23,34
23,33
23,32
23,31
23,30
23,29
23,28
23,27
23,26
23,25
23,24
23,23
23,22
23,21
23,20
23,19
23,18
23,17
23,16
23,15
23,14
23,13
23,12
23,11
23,10
23,9
23,8
23,7
23,6
23,5
23,4
23,3
0,6
0,470
0,222
0,469
0,468
0,220
0,467
0,219
0,466
0,218
0,465
0,217
0,464
0,216
0,463
0,215
0,462
0,213
0,5
0,461
0,212
0,460
0,211
0,459
0,209
0,458
0,208
0,457
0,207
0,456
0,206
0,455
0,205
0,454
0,204
0,311
0,453
0,203
0,452
0,451
0,195
0,194
0,297
0,450
0,63
0,294
23,36
0,449
0,60
0,448
0,58
0,447
0,56
0,285
23,35
23,2
23,0
0,52
0,50
0,315
0,310
0,201
0,308
0,200
0,306
0,199
0,304
0,303
0,446
0,196
0,299
0,192
0,295
0,445
0,62
0,444
0,61
0,292
0,443
0,59
0,442
0,57
0,288
0,441
0,55
0,54
56,6
56,5
0,440
0,53
0,284
0,439
0,51
0,282
0,49
0,313
0,48
0,312
0,47
0,314
0,277
0,438
0,268
0,437
0,265
0,436
0,264
0,435
0,263
0,434
0,262
0,433
0,261
0,432
0,259
0,431
0,258
0,430
0,253
0,429
0,252
0,428
0,251
0,427
0,250
0,426
0,247
0,425
0,242
0,424
0,241
14,3
0,423
0,240
13,3
0,1
0,422
0,0
